1599845660963 3470.550060272217 0
1599845661051 15742958.984375 0
1599845661109 20706824000.0 0
1599845661175 27674249216000.0 0
1599845661248 2.43496996831232e+17 0
1599845661306 1.2595836982522806e+22 0
1599845661368 1.190148822076645e+25 0
1599845661446 4.254381347923069e+28 0
1599845661520 2.2313708175421914e+31 0
1599845661591 4.27555378635434e+34 0
1599845661660 1.513898661786783e+38 0
1599845661753 2.8781918142639933e+40 0
1599845661804 nan 0
1599845661857 nan 0
1599845661912 nan 0
1599845661960 nan 0
1599845662008 nan 0
1599845662058 nan 0
1599845662101 nan 0
1599845662155 nan 0
1599845662214 nan 0
1599845662261 nan 0
1599845662305 nan 0
1599845662345 nan 0
1599845662396 nan 0
1599845662442 nan 0
1599845662485 nan 0
1599845662528 nan 0
1599845662571 nan 0
1599845662632 nan 0
1599845662698 nan 0
1599845662757 nan 0
1599845662812 nan 0
1599845662857 nan 0
1599845662905 nan 0
1599845662949 nan 0
1599845663003 nan 0
1599845663047 nan 0
1599845663100 nan 0
1599845663150 nan 0
1599845663199 nan 0
1599845663256 nan 0
1599845663308 nan 0
1599845663363 nan 0
1599845663412 nan 0
1599845663469 nan 0
1599845663519 nan 0
1599845663578 nan 0
1599845663628 nan 0
1599845663675 nan 0
1599845663720 nan 0
1599845663774 nan 0
1599845663816 nan 0
1599845663861 nan 0
1599845663909 nan 0
1599845663952 nan 0
1599845664000 nan 0
1599845664080 nan 0
1599845664124 nan 0
1599845664172 nan 0
1599845664225 nan 0
1599845664291 nan 0
1599845664340 nan 0
1599845664402 nan 0
1599845664463 nan 0
1599845664525 nan 0
1599845664590 nan 0
1599845664651 nan 0
1599845664720 nan 0
1599845664787 nan 0
1599845664844 nan 0
1599845664903 nan 0
1599845664966 nan 0
1599845665029 nan 0
1599845665087 nan 0
1599845665144 nan 0
1599845665206 nan 0
1599845665265 nan 0
1599845665317 nan 0
1599845665364 nan 0
1599845665406 nan 0
1599845665473 nan 0
1599845665513 nan 0
1599845665565 nan 0
1599845665623 nan 0
1599845665696 nan 0
1599845665766 nan 0
1599845665828 nan 0
1599845665890 nan 0
1599845665949 nan 0
1599845666010 nan 0
1599845666065 nan 0
1599845666115 nan 0
1599845666170 nan 0
1599845666227 nan 0
1599845666277 nan 0
1599845666328 nan 0
1599845666379 nan 0
1599845666439 nan 0
1599845666490 nan 0
1599845666543 nan 0
1599845666603 nan 0
1599845666663 nan 0
1599845666732 nan 0
1599845666798 nan 0
1599845666866 nan 0
1599845666929 nan 0
1599845666987 nan 0
1599845667046 nan 0
1599845667118 nan 0
1599845667187 nan 0
1599845667247 nan 0
1599845667301 nan 0
1599845667359 nan 0
1599845667416 nan 0
1599845667461 nan 0
1599845667503 nan 0
1599845667548 nan 0
1599845667599 nan 0
1599845667659 nan 0
1599845667716 nan 0
1599845667789 nan 0
1599845667876 nan 0
1599845667969 nan 0
1599845668039 nan 0
1599845668126 nan 0
1599845668208 nan 0
1599845668280 nan 0
1599845668340 nan 0
1599845668401 nan 0
1599845668458 nan 0
1599845668502 nan 0
1599845668552 nan 0
1599845668618 nan 0
1599845668669 nan 0
1599845668719 nan 0
1599845668777 nan 0
1599845668839 nan 0
1599845668890 nan 0
1599845668943 nan 0
1599845669003 nan 0
1599845669072 nan 0
1599845669143 nan 0
1599845669211 nan 0
1599845669288 nan 0
1599845669356 nan 0
1599845669415 nan 0
1599845669495 nan 0
1599845669575 nan 0
1599845669641 nan 0
1599845669705 nan 0
1599845669763 nan 0
1599845669820 nan 0
1599845669870 nan 0
1599845669927 nan 0
1599845669979 nan 0
1599845670049 nan 0
1599845670117 nan 0
1599845670249 nan 0
1599845670316 nan 0
1599845670382 nan 0
1599845670452 nan 0
1599845670531 nan 0
1599845670598 nan 0
1599845670655 nan 0
1599845670726 nan 0
1599845670783 nan 0
1599845670838 nan 0
1599845670908 nan 0
1599845670968 nan 0
1599845671021 nan 0
1599845671077 nan 0
1599845671134 nan 0
1599845671191 nan 0
1599845671244 nan 0
1599845671301 nan 0
1599845671359 nan 0
1599845671414 nan 0
1599845671472 nan 0
1599845671525 nan 0
1599845671585 nan 0
1599845671651 nan 0
1599845671708 nan 0
1599845671764 nan 0
1599845671822 nan 0
1599845671877 nan 0
1599845671920 nan 0
1599845671964 nan 0
1599845672022 nan 0
1599845672081 nan 0
1599845672141 nan 0
1599845672201 nan 0
1599845672258 nan 0
1599845672322 nan 0
1599845672379 nan 0
1599845672431 nan 0
1599845672486 nan 0
1599845672542 nan 0
1599845672594 nan 0
1599845672642 nan 0
1599845672687 nan 0
1599845672742 nan 0
1599845672797 nan 0
1599845672849 nan 0
1599845672898 nan 0
1599845672947 nan 0
1599845673010 nan 0
1599845673065 nan 0
1599845673116 nan 0
1599845673173 nan 0
1599845673241 nan 0
1599845673284 nan 0
1599845673346 nan 0
1599845673405 nan 0
