1599845575191 2820.4357624053955 0
1599845575417 9886367.1875 0
1599845575469 81908480000.0 0
1599845575555 33547341824000.0 0
1599845575616 6.50417012736e+16 0
1599845575669 1.0549468753140122e+20 0
1599845575727 7.002330401249585e+23 0
1599845575788 1.5569645347461768e+25 0
1599845575852 2.7142131925947087e+30 0
1599845575906 4.5947034327480125e+34 0
1599845575964 3.973317108891142e+36 0
1599845576020 1.1301372892223963e+39 0
1599845576071 nan 0
1599845576120 nan 0
1599845576173 nan 0
1599845576232 nan 0
1599845576283 nan 0
1599845576335 nan 0
1599845576386 nan 0
1599845576439 nan 0
1599845576489 nan 0
1599845576549 nan 0
1599845576618 nan 0
1599845576688 nan 0
1599845576763 nan 0
1599845576838 nan 0
1599845576904 nan 0
1599845576956 nan 0
1599845577002 nan 0
1599845577048 nan 0
1599845577110 nan 0
1599845577177 nan 0
1599845577244 nan 0
1599845577319 nan 0
1599845577387 nan 0
1599845577436 nan 0
1599845577483 nan 0
1599845577527 nan 0
1599845577590 nan 0
1599845577633 nan 0
1599845577677 nan 0
1599845577725 nan 0
1599845577784 nan 0
1599845577829 nan 0
1599845577873 nan 0
1599845577923 nan 0
1599845577965 nan 0
1599845578017 nan 0
1599845578087 nan 0
1599845578156 nan 0
1599845578219 nan 0
1599845578284 nan 0
1599845578353 nan 0
1599845578415 nan 0
1599845578464 nan 0
1599845578517 nan 0
1599845578578 nan 0
1599845578632 nan 0
1599845578682 nan 0
1599845578730 nan 0
1599845578789 nan 0
1599845578839 nan 0
1599845578887 nan 0
1599845578938 nan 0
1599845578994 nan 0
1599845579039 nan 0
1599845579083 nan 0
1599845579128 nan 0
1599845579184 nan 0
1599845579238 nan 0
1599845579280 nan 0
1599845579322 nan 0
1599845579366 nan 0
1599845579413 nan 0
1599845579467 nan 0
1599845579509 nan 0
1599845579550 nan 0
1599845579592 nan 0
1599845579651 nan 0
1599845579703 nan 0
1599845579748 nan 0
1599845579800 nan 0
1599845579853 nan 0
1599845579908 nan 0
1599845579962 nan 0
1599845580012 nan 0
1599845580058 nan 0
1599845580116 nan 0
1599845580162 nan 0
1599845580205 nan 0
1599845580247 nan 0
1599845580294 nan 0
1599845580349 nan 0
1599845580413 nan 0
1599845580495 nan 0
1599845580585 nan 0
1599845580671 nan 0
1599845580770 nan 0
1599845580833 nan 0
1599845580900 nan 0
1599845580959 nan 0
1599845581026 nan 0
1599845581085 nan 0
1599845581163 nan 0
1599845581249 nan 0
1599845581320 nan 0
1599845581389 nan 0
1599845581448 nan 0
1599845581505 nan 0
1599845581565 nan 0
1599845581620 nan 0
1599845581671 nan 0
1599845581723 nan 0
1599845581788 nan 0
1599845581867 nan 0
1599845581972 nan 0
1599845582056 nan 0
1599845582133 nan 0
1599845582208 nan 0
1599845582288 nan 0
1599845582350 nan 0
1599845582416 nan 0
1599845582481 nan 0
1599845582526 nan 0
1599845582578 nan 0
1599845582633 nan 0
1599845582694 nan 0
1599845582746 nan 0
1599845582791 nan 0
1599845582838 nan 0
1599845582906 nan 0
1599845582973 nan 0
1599845583032 nan 0
1599845583102 nan 0
1599845583163 nan 0
1599845583222 nan 0
1599845583279 nan 0
1599845583335 nan 0
1599845583396 nan 0
1599845583447 nan 0
1599845583498 nan 0
1599845583548 nan 0
1599845583606 nan 0
1599845583655 nan 0
1599845583699 nan 0
1599845583741 nan 0
1599845583789 nan 0
1599845583840 nan 0
1599845583882 nan 0
1599845583925 nan 0
1599845583974 nan 0
1599845584028 nan 0
1599845584085 nan 0
1599845584129 nan 0
1599845584180 nan 0
1599845584223 nan 0
1599845584288 nan 0
1599845584345 nan 0
1599845584389 nan 0
1599845584436 nan 0
1599845584488 nan 0
1599845584549 nan 0
1599845584595 nan 0
1599845584637 nan 0
1599845584682 nan 0
1599845584722 nan 0
1599845584769 nan 0
1599845584825 nan 0
1599845584869 nan 0
1599845584918 nan 0
1599845584970 nan 0
1599845585031 nan 0
1599845585079 nan 0
1599845585126 nan 0
1599845585177 nan 0
1599845585225 nan 0
1599845585287 nan 0
1599845585336 nan 0
1599845585381 nan 0
1599845585424 nan 0
1599845585473 nan 0
1599845585534 nan 0
1599845585586 nan 0
1599845585630 nan 0
1599845585673 nan 0
1599845585722 nan 0
1599845585775 nan 0
1599845585830 nan 0
1599845585875 nan 0
1599845585919 nan 0
1599845585971 nan 0
1599845586037 nan 0
1599845586091 nan 0
1599845586136 nan 0
1599845586185 nan 0
1599845586226 nan 0
1599845586286 nan 0
1599845586338 nan 0
1599845586382 nan 0
1599845586424 nan 0
1599845586472 nan 0
1599845586524 nan 0
1599845586582 nan 0
1599845586633 nan 0
1599845586676 nan 0
1599845586722 nan 0
1599845586788 nan 0
1599845586842 nan 0
1599845586897 nan 0
1599845586941 nan 0
1599845586998 nan 0
1599845587062 nan 0
1599845587116 nan 0
1599845587169 nan 0
1599845587225 nan 0
1599845587288 nan 0
1599845587345 nan 0
1599845587390 nan 0
1599845587437 nan 0
1599845587502 nan 0
1599845587563 nan 0
1599845587624 nan 0
1599845587682 nan 0
1599845587744 nan 0
1599845587797 nan 0
1599845587847 nan 0
1599845587898 nan 0
1599845587962 nan 0
1599845588019 nan 0
1599845588060 nan 0
1599845588112 nan 0
1599845588184 nan 0
1599845588232 nan 0
1599845588275 nan 0
1599845588321 nan 0
1599845588380 nan 0
1599845588425 nan 0
1599845588468 nan 0
1599845588518 nan 0
1599845588571 nan 0
1599845588622 nan 0
1599845588664 nan 0
1599845588708 nan 0
1599845588753 nan 0
1599845588806 nan 0
1599845588861 nan 0
1599845588909 nan 0
1599845588959 nan 0
1599845589010 nan 0
1599845589073 nan 0
1599845589123 nan 0
1599845589169 nan 0
1599845589211 nan 0
1599845589265 nan 0
1599845589321 nan 0
1599845589364 nan 0
1599845589407 nan 0
1599845589448 nan 0
1599845589500 nan 0
1599845589569 nan 0
1599845589614 nan 0
1599845589680 nan 0
1599845589735 nan 0
1599845589796 nan 0
1599845589840 nan 0
1599845589890 nan 0
1599845589937 nan 0
1599845589987 nan 0
1599845590040 nan 0
1599845590107 nan 0
1599845590169 nan 0
1599845590219 nan 0
1599845590283 nan 0
1599845590332 nan 0
1599845590374 nan 0
1599845590416 nan 0
1599845590476 nan 0
1599845590536 nan 0
1599845590580 nan 0
1599845590621 nan 0
1599845590663 nan 0
1599845590716 nan 0
1599845590772 nan 0
1599845590813 nan 0
1599845590862 nan 0
1599845590906 nan 0
1599845590956 nan 0
1599845591012 nan 0
1599845591055 nan 0
1599845591107 nan 0
1599845591151 nan 0
1599845591215 nan 0
1599845591264 nan 0
1599845591305 nan 0
1599845591349 nan 0
1599845591389 nan 0
1599845591437 nan 0
1599845591500 nan 0
1599845591554 nan 0
1599845591604 nan 0
1599845591653 nan 0
1599845591709 nan 0
1599845591763 nan 0
1599845591816 nan 0
1599845591883 nan 0
1599845591954 nan 0
1599845592004 nan 0
1599845592066 nan 0
1599845592142 nan 0
1599845592212 nan 0
1599845592269 nan 0
1599845592321 nan 0
1599845592376 nan 0
1599845592441 nan 0
1599845592494 nan 0
1599845592542 nan 0
1599845592600 nan 0
1599845592661 nan 0
1599845592729 nan 0
1599845592782 nan 0
1599845592834 nan 0
1599845592897 nan 0
1599845592963 nan 0
1599845593007 nan 0
1599845593063 nan 0
1599845593125 nan 0
1599845593178 nan 0
1599845593227 nan 0
1599845593274 nan 0
1599845593325 nan 0
1599845593381 nan 0
1599845593425 nan 0
1599845593468 nan 0
1599845593522 nan 0
1599845593582 nan 0
1599845593644 nan 0
1599845593696 nan 0
1599845593742 nan 0
1599845593803 nan 0
1599845593855 nan 0
1599845593902 nan 0
1599845593946 nan 0
1599845594009 nan 0
1599845594065 nan 0
1599845594115 nan 0
1599845594178 nan 0
1599845594244 nan 0
1599845594298 nan 0
1599845594355 nan 0
1599845594411 nan 0
1599845594472 nan 0
1599845594531 nan 0
1599845594600 nan 0
1599845594665 nan 0
1599845594738 nan 0
1599845594805 nan 0
1599845594863 nan 0
1599845594940 nan 0
1599845595003 nan 0
1599845595054 nan 0
1599845595108 nan 0
1599845595172 nan 0
1599845595233 nan 0
1599845595293 nan 0
1599845595347 nan 0
1599845595398 nan 0
1599845595454 nan 0
1599845595503 nan 0
1599845595556 nan 0
1599845595608 nan 0
1599845595666 nan 0
1599845595720 nan 0
1599845595777 nan 0
1599845595834 nan 0
1599845595897 nan 0
1599845595955 nan 0
1599845596005 nan 0
1599845596055 nan 0
1599845596122 nan 0
1599845596171 nan 0
1599845596222 nan 0
1599845596268 nan 0
1599845596331 nan 0
1599845596377 nan 0
1599845596420 nan 0
1599845596467 nan 0
1599845596528 nan 0
1599845596588 nan 0
1599845596636 nan 0
1599845596691 nan 0
1599845596764 nan 0
1599845596846 nan 0
1599845596918 nan 0
1599845597024 nan 0
1599845597095 nan 0
1599845597150 nan 0
1599845597218 nan 0
1599845597284 nan 0
1599845597370 nan 0
1599845597434 nan 0
1599845597493 nan 0
1599845597555 nan 0
1599845597621 nan 0
1599845597691 nan 0
1599845597769 nan 0
1599845597841 nan 0
1599845597913 nan 0
1599845597980 nan 0
1599845598048 nan 0
1599845598113 nan 0
1599845598163 nan 0
1599845598245 nan 0
1599845598319 nan 0
1599845598368 nan 0
1599845598412 nan 0
1599845598455 nan 0
1599845598513 nan 0
1599845598558 nan 0
1599845598607 nan 0
1599845598654 nan 0
1599845598715 nan 0
1599845598770 nan 0
1599845598812 nan 0
1599845598857 nan 0
1599845598901 nan 0
1599845598954 nan 0
1599845599026 nan 0
1599845599080 nan 0
1599845599125 nan 0
1599845599175 nan 0
1599845599234 nan 0
1599845599287 nan 0
1599845599330 nan 0
1599845599380 nan 0
1599845599444 nan 0
1599845599496 nan 0
1599845599539 nan 0
1599845599588 nan 0
1599845599652 nan 0
1599845599710 nan 0
1599845599774 nan 0
1599845599839 nan 0
1599845599908 nan 0
1599845599971 nan 0
1599845600027 nan 0
1599845600086 nan 0
1599845600170 nan 0
1599845600233 nan 0
1599845600375 nan 0
1599845600430 nan 0
1599845600481 nan 0
1599845600535 nan 0
1599845600588 nan 0
1599845600649 nan 0
1599845600711 nan 0
1599845600771 nan 0
1599845600834 nan 0
1599845600911 nan 0
1599845600979 nan 0
1599845601040 nan 0
1599845601107 nan 0
1599845601184 nan 0
1599845601226 nan 0
1599845601283 nan 0
1599845601344 nan 0
1599845601387 nan 0
1599845601432 nan 0
1599845601473 nan 0
1599845601523 nan 0
1599845601584 nan 0
1599845601630 nan 0
1599845601673 nan 0
1599845601717 nan 0
1599845601779 nan 0
1599845601839 nan 0
1599845601907 nan 0
1599845602002 nan 0
1599845602066 nan 0
1599845602140 nan 0
1599845602216 nan 0
1599845602277 nan 0
1599845602335 nan 0
1599845602384 nan 0
1599845602435 nan 0
1599845602493 nan 0
1599845602570 nan 0
1599845602651 nan 0
1599845602729 nan 0
1599845602834 nan 0
1599845602899 nan 0
1599845602959 nan 0
1599845603006 nan 0
1599845603057 nan 0
1599845603102 nan 0
1599845603165 nan 0
1599845603215 nan 0
1599845603267 nan 0
1599845603307 nan 0
1599845603353 nan 0
1599845603404 nan 0
1599845603462 nan 0
1599845603519 nan 0
1599845603565 nan 0
1599845603610 nan 0
1599845603671 nan 0
1599845603721 nan 0
1599845603772 nan 0
1599845603821 nan 0
1599845603877 nan 0
1599845603959 nan 0
1599845604040 nan 0
1599845604129 nan 0
1599845604194 nan 0
1599845604245 nan 0
1599845604306 nan 0
1599845604367 nan 0
1599845604416 nan 0
1599845604459 nan 0
1599845604502 nan 0
1599845604551 nan 0
1599845604612 nan 0
1599845604670 nan 0
1599845604729 nan 0
1599845604789 nan 0
1599845604852 nan 0
1599845604913 nan 0
1599845604973 nan 0
1599845605034 nan 0
1599845605105 nan 0
1599845605158 nan 0
1599845605218 nan 0
1599845605281 nan 0
1599845605355 nan 0
1599845605428 nan 0
1599845605504 nan 0
1599845605580 nan 0
1599845605647 nan 0
1599845605711 nan 0
1599845605765 nan 0
1599845605808 nan 0
1599845605856 nan 0
1599845605900 nan 0
1599845605953 nan 0
1599845606009 nan 0
1599845606053 nan 0
1599845606106 nan 0
1599845606164 nan 0
1599845606210 nan 0
1599845606263 nan 0
1599845606306 nan 0
1599845606354 nan 0
1599845606404 nan 0
1599845606456 nan 0
1599845606506 nan 0
1599845606556 nan 0
1599845606609 nan 0
1599845606652 nan 0
1599845606696 nan 0
1599845606740 nan 0
1599845606783 nan 0
1599845606827 nan 0
1599845606869 nan 0
1599845606913 nan 0
1599845606965 nan 0
1599845607033 nan 0
1599845607098 nan 0
1599845607152 nan 0
1599845607207 nan 0
1599845607262 nan 0
1599845607319 nan 0
1599845607370 nan 0
1599845607420 nan 0
1599845607466 nan 0
1599845607526 nan 0
1599845607583 nan 0
1599845607647 nan 0
1599845607706 nan 0
1599845607775 nan 0
1599845607821 nan 0
1599845607867 nan 0
1599845607912 nan 0
1599845607972 nan 0
1599845608041 nan 0
1599845608118 nan 0
1599845608181 nan 0
1599845608225 nan 0
1599845608277 nan 0
1599845608326 nan 0
1599845608383 nan 0
1599845608438 nan 0
1599845608488 nan 0
1599845608536 nan 0
1599845608578 nan 0
1599845608620 nan 0
1599845608662 nan 0
1599845608705 nan 0
1599845608758 nan 0
1599845608822 nan 0
1599845608886 nan 0
1599845608941 nan 0
1599845609006 nan 0
1599845609062 nan 0
1599845609119 nan 0
1599845609176 nan 0
1599845609229 nan 0
1599845609278 nan 0
1599845609326 nan 0
1599845609374 nan 0
1599845609427 nan 0
1599845609495 nan 0
1599845609575 nan 0
1599845609661 nan 0
1599845609733 nan 0
1599845609794 nan 0
1599845609873 nan 0
1599845609943 nan 0
1599845610015 nan 0
1599845610089 nan 0
1599845610146 nan 0
1599845610203 nan 0
1599845610246 nan 0
1599845610290 nan 0
1599845610332 nan 0
1599845610376 nan 0
1599845610425 nan 0
1599845610466 nan 0
1599845610506 nan 0
1599845610546 nan 0
1599845610589 nan 0
1599845610638 nan 0
1599845610684 nan 0
1599845610732 nan 0
1599845610776 nan 0
1599845610821 nan 0
1599845610872 nan 0
1599845610921 nan 0
1599845610975 nan 0
1599845611029 nan 0
1599845611088 nan 0
1599845611132 nan 0
1599845611181 nan 0
1599845611222 nan 0
1599845611269 nan 0
1599845611323 nan 0
1599845611375 nan 0
1599845611424 nan 0
1599845611474 nan 0
1599845611530 nan 0
1599845611577 nan 0
1599845611632 nan 0
1599845611674 nan 0
1599845611718 nan 0
1599845611763 nan 0
1599845611809 nan 0
1599845611870 nan 0
1599845611934 nan 0
1599845612005 nan 0
1599845612085 nan 0
1599845612155 nan 0
